2381
2378
2377
2376
2348
2329
2328
2323
2320
2318
2308
2307
2306
2305
2304
2303
2302
2301
2299
2298
2297
2296
2295
2310
2288
2285
2277
2269
2266
2262
2260
2258
2257
2254
2252
2243
2242
2236
2235
2234
2231
2230
2229
2228
2220
2218
2217
2215
2212
2211
2210
2209
2208
2206
2205
2204
2200
2199
2198
2197
2196
2195
2194
2192
2184
2182
2179
2177
2173
2172
2170
2165
2163
2158
2155
2154
2152
2150
2149
2148
2145
2144
2137
2136
2135
2132
2131
2130
2123
2119
2122
2120
2118
2121
2117
2116
2115
2114
2111
2108
2109
2110
2106
2105
2102
2104
2101
2103
2097
2099
2098
2100
2094
2095
2092
2091
2096
2087
2088
2089
2085
2083
2082
2084
2080
2081
2078
2077
2076
2070
2069
2073
2071
2072
2074
2075
2066
2067
2068
2062
2063
2064
2061
2065
2060
2054
2053
2052
2047
2045
2041
2046
2043
2042
2044
2038
2032
2037
2033
2036
2035
2030
2028
2029
2031
2026
2027
2025
2024
2023
2018
2021
2019
2022
2020
2016
2014
2017
2015
2013
2011
2009
2012
2007
2006
2008
2010
2001
2004
2005
2003
2002
1996
1997
2000
1998
1999
1994
1993
1995
1991
1992
1990
1982
1989
1987
1988
1983
1986
1981
1984
1985
1977
1978
1980
1976
1979
1973
1974
1975
1971
1972
1969
1967
1970
1968
1964
1965
1966
1963
1960
1961
1962
1959
1957
1958
1956
1952
1954
1955
1953
1951
1950
1949
1945
1944
1947
1946
1948
1942
1940
1943
1941
1938
1937
1939
1936
1935
1934
1932
1930
1931
1928
1926
1929
1925
1927
1924
1922
1921
1923
1919
1916
1915
1920
1918
1917
1908
1912
1909
1911
1914
1913
1910
1904
1903
1902
1906
1907
1900
1905
1898
1897
1899
1895
1894
1896
1891
1892
1893
1884
1889
1888
1887
1886
1883
1882
1890
1881
1880
1879
1877
1876
1878
1875
1869
1872
1870
1873
1867
1868
1866
1864
1861
1862
1863
1857
1860
1858
1859
1854
1856
1853
1855
1848
1850
1849
1852
1851
1845
1844
1847
1846
1843
1842
1840
1837
1841
1839
1838
1835
1829
1832
1833
1831
1830
1834
1826
1827
1824
1825
1822
1823
1819
1821
1820
1815
1818
1816
1817
1813
1814
1810
1808
1812
1811
1809
1805
1804
1806
1807
1803
1802
1798
1799
1801
1800
1797
1796
1795
1792
1793
1794
1791
1790
1788
1787
1789
1785
1786
1784
1783
1780
1782
1781
1776
1777
1775
1774
1773
1770
1772
1768
1771
1764
1767
1763
1765
1762
1766
1755
1757
1758
1761
1759
1756
1754
1752
1753
1746
1748
1747
1751
1740
1742
1741
1743
1735
1737
1738
1734
1739
1736
1730
1729
1732
1728
1731
1722
1721
1724
1725
1723
1720
1716
1717
1719
1714
1718
1715
1713
1712
1709
1711
1710
1708
1706
1707
1705
1703
1701
1702
1704
1700
1699
1694
1695
1697
1698
1693
1692
1691
1690
1689
1688
1682
1686
1684
1685
1683
1681
1680
1679
1677
1676
1675
1670
1673
1671
1674
1669
1668
1665
1667
1662
1661
1663
1664
1666
1658
1656
1653
1652
1654
1651
1655
1657
1646
1650
1649
1645
1648
1642
1644
1643
1638
1639
1641
1637
1640
1636
1635
1632
1631
1630
1625
1627
1626
1629
1628
1624
1621
1622
1619
1613
1616
1615
1618
1614
1617
1612
1610
1611
1607
1606
1609
1608
1605
1604
1603
1600
1602
1601
1599
1595
1597
1598
1596
1593
1594
1590
1592
1591
1589
1585
1587
1584
1588
1586
1578
1579
1580
1577
1574
1575
1573
1570
1571
1572
1569
1566
1564
1565
1567
1562
1561
1557
1559
1563
1558
1560
1556
1555
1551
1554
1550
1552
1553
1545
1543
1547
1544
1548
1546
1537
1542
1539
1533
1530
1536
1534
1540
1541
1538
1535
1532
1531
1520
1521
1523
1529
1528
1527
1526
1524
1522
1525
1519
1517
1514
1513
1516
1518
1515
1512
1510
1509
1511
1507
1508
1506
1504
1505
1499
1502
1500
1503
1495
1498
1494
1491
1490
1497
1492
1493
1496
1489
1483
1487
1484
1488
1485
1486
1479
1478
1480
1482
1481
1474
1476
1475
1477
1473
1472
1471
1470
1466
1463
1467
1469
1464
1465
1462
1468
1461
1460
1424
1422
1459
1421
1423
1425
1420
1419
1417
1418
1415
1414
1416
1413
1411
1412
1410
1407
1408
1409
1404
1406
1405
1403
1401
1400
1399
1402
1398
1397
1395
1394
1393
1392
1396
1391
1358
1357
1355
1356
1354
1353
1351
1352
1350
1348
1349
1344
1346
1343
1345
1341
1342
1340
1338
1339
1337
1335
1336
1334
1333
1332
1299
1300
1301
1294
1298
1296
1295
1297
1292
1293
1290
1289
1288
1285
1287
1286
1284
1282
1283
1281
1280
1279
1278
1277
1242
1244
1243
1241
1240
1239
1238
1236
1237
1235
1234
1223
1225
1231
1233
1232
1229
1228
1222
1230
1221
1227
1219
1226
1220
1218
1224
1216
1217
1215
1213
1214
1211
1212
1209
1210
1208
1205
1207
1204
1203
1202
1201
1200
1197
1198
1199
1195
1193
1196
1194
1191
1192
1190
1188
1189
1186
1187
1185
1184
1167
1168
1183
1182
1181
1180
1179
1178
1177
1176
1175
1174
1173
1172
1171
1170
1169
1166
1165
1164
1131
1129
1130
1127
1122
1123
1124
1126
1125
1119
1118
1120
1121
1116
1115
1114
1113
1112
1117
1111
1110
1108
1107
1105
1106
1103
1104
1099
1101
1100
1098
1102
1097
1095
1096
1093
1092
1091
1089
1094
1087
1088
1086
1085
1084
1083
1082
1081
1080
1079
1078
1077
1076
1075
1074
1073
1072
1071
1070
1065
1069
1068
1066
1064
1067
1063
1061
1062
1059
1058
1057
1055
1056
1054
1053
1051
1046
1049
1048
1050
1052
1045
1041
1044
1043
1040
1039
1042
1038
1036
1034
1035
1037
1032
1033
1030
1029
1028
1026
1025
1008
1017
1016
1012
1009
1015
1024
1014
1023
1013
1022
1011
1020
1010
1021
1019
1018
1002
1005
1004
1007
1003
1006
1000
1001
999
998
996
997
995
994
993
992
991
987
989
988
990
986
985
984
983
982
981
980
979
978
977
976
975
973
972
971
970
969
968
967
966
965
964
963
962
961
960
958
954
957
953
952
955
959
956
951
950
949
948
947
946
944
943
942
936
935
937
939
938
940
941
934
933
926
931
929
928
932
927
930
923
925
924
906
922
921
920
919
918
917
916
915
914
913
912
911
910
909
908
907
905
903
904
899
897
898
902
900
901
895
894
896
892
891
893
889
890
888
887
886
885
883
884
880
882
881
878
879
877
844
843
842
841
840
839
838
837
836
835
834
833
832
831
830
829
828
827
826
825
824
823
821
818
819
820
822
816
817
813
815
814
812
809
810
811
808
807
805
748
804
803
781
802
800
799
798
797
796
795
794
793
792
791
790
789
788
787
786
785
784
783
782
780
779
778
777
776
775
774
773
772
771
770
769
768
767
766
765
764
762
759
757
756
755
753
699
698
702
697
701
704
700
703
694
693
696
695
692
691
690
689
688
685
686
687
684
683
682
678
681
680
679
677
676
675
673
672
665
667
666
670
668
669
671
664
662
663
649
653
650
652
655
654
646
645
642
644
643
641
640
648
647
634
635
638
636
627
629
623
633
617
630
622
632
626
618
619
625
624
631
628
620
621
615
614
609
610
611
613
612
608
599
601
602
597
598
591
592
588
589
583
587
584
586
585
572
571
570
569
565
568
567
566
564
563
562
557
558
556
559
555
560
561
553
554
549
548
547
546
545
552
551
550
543
544
540
541
537
539
538
536
535
533
532
534
528
527
526
530
531
525
524
523
522
521
520
519
518
517
516
515
514
512
511
510
509
508
507
506
505
503
504
502
498
499
501
497
500
496
493
494
492
491
490
489
488
486
485
487
484
482
483
481
480
478
479
475
476
473
477
474
472
469
470
471
468
465
467
466
464
463
462
460
461
459
458
457
456
455
454
453
452
451
450
449
448
447
445
446
442
443
444
441
437
438
440
435
436
433
434
428
430
429
426
427
423
425
422
424
419
421
420
418
416
413
414
417
415
409
410
412
411
407
406
405
404
402
394
400
398
403
399
401
397
395
396
393
390
389
391
392
385
386
387
384
388
381
382
383
380
378
379
376
372
373
374
377
375
371
370
369
368
367
366
365
362
363
364
360
361
359
358
356
353
354
355
357
352
351
349
350
345
346
343
344
309
308
310
307
306
302
305
303
304
300
299
296
298
297
295
291
292
293
294
290
289
286
287
285
288
283
284
282
279
280
281
278
277
274
276
275
271
269
270
268
273
272
267
264
266
265
263
261
260
258
259
257
255
254
256
253
252
250
251
248
249
247
245
243
244
246
242
240
241
237
238
239
236
235
234
231
232
233
224
225
226
227
228
219
222
221
223
216
217
214
215
213
211
210
208
209
206
205
204
201
203
202
200
197
199
198
195
196
188
194
190
193
192
189
187
185
184
183
180
182
179
181
177
178
176
173
174
175
171
172
169
170
166
165
168
167
163
164
161
162
159
160
157
156
153
155
158
152
151
149
148
150
147
143
145
146
144
140
141
134
138
137
135
136
128
133
129
130
127
131
125
124
123
121
120
119
118
117
116
115
114
113
112
111
110
109
106
107
102
101
104
103
100
98
97
99
96
95
89
93
94
90
87
85
86
84
88
78
80
77
81
79
75
76
74
71
73
72
70
66
65
64
62
63
61
57
54
53
55
56
51
52
50
49
48
47
46
44
38
42
43
45
40
39
41
30
33
35
29
37
28
27
34
31
36
23
18
17
20
22
19
24
26
25
9
15
11
16
14
13
12
7
6
4
2
8
5
1
10