2328
2236
2218
2217
2155
2118
2121
2117
2115
2083
2078
2077
2069
2072
2047
2022
2013
2006
2001
1991
1988
1981
1969
1957
1928
1915
1902
1889
1890
1869
1867
1862
1854
1852
1802
1801
1794
1762
1740
1741
1729
1731
1716
1717
1711
1695
1677
1671
1668
1637
1624
1621
1590
1580
1552
1544
1540
1528
1518
1515
1510
1506
1472
1461
1459
1425
1405
1403
1399
1395
1393
1392
1358
1354
1350
1348
1335
1333
1332
1296
1283
1280
1242
1241
1211
1208
1197
1191
1189
1122
1124
1126
1110
1095
1065
1063
1062
1058
1052
1042
995
897
898
902
895
888
887
878
809
700
703
695
684
638
611
598
591
592
560
536
528
504
494
472
466
443
444
441
437
438
433
406
385
380
362
310
288
271
269
268
267
243
189
169
155
152
151
145
102
89
77
71
57
53
45
41
20
1
