2378
2376
2329
2320
2308
2307
2306
2305
2304
2303
2302
2301
2299
2298
2297
2296
2295
2288
2277
2269
2266
2252
2243
2234
2228
2220
2215
2204
2184
2172
2165
2148
2145
2136
2132
2131
2130
2119
2108
2109
2106
2105
2102
2104
2101
2103
2097
2099
2100
2091
2096
2087
2088
2084
2070
2073
2071
2066
2062
2064
2061
2060
2054
2053
2045
2043
2038
2033
2036
2018
2020
2016
2014
2015
2011
2009
2012
2007
2010
2005
2002
1993
1995
1990
1982
1989
1984
1985
1973
1974
1975
1971
1972
1963
1962
1958
1951
1950
1945
1947
1946
1938
1939
1936
1935
1934
1930
1931
1926
1929
1927
1919
1916
1918
1908
1912
1909
1911
1910
1904
1903
1900
1897
1899
1894
1896
1891
1892
1882
1876
1878
1872
1870
1873
1868
1864
1861
1863
1857
1860
1859
1856
1855
1851
1847
1843
1842
1840
1837
1841
1839
1838
1829
1832
1833
1831
1830
1826
1827
1825
1822
1823
1820
1815
1816
1809
1806
1807
1800
1796
1795
1792
1793
1787
1789
1783
1780
1782
1781
1775
1774
1768
1764
1765
1746
1748
1747
1743
1739
1728
1718
1715
1713
1712
1709
1710
1708
1694
1691
1690
1688
1682
1684
1685
1670
1669
1665
1663
1658
1652
1651
1655
1650
1649
1642
1638
1639
1632
1630
1625
1627
1626
1629
1628
1622
1619
1618
1614
1607
1595
1597
1596
1577
1574
1564
1565
1557
1559
1551
1550
1545
1538
1529
1527
1519
1517
1514
1516
1511
1507
1499
1502
1500
1495
1498
1494
1491
1497
1492
1493
1489
1477
1424
1422
1423
1417
1418
1415
1416
1411
1412
1409
1406
1401
1398
1397
1394
1396
1357
1355
1356
1352
1344
1343
1345
1340
1337
1336
1334
1300
1301
1298
1295
1292
1293
1289
1287
1279
1278
1277
1244
1243
1240
1238
1236
1234
1223
1225
1231
1233
1232
1229
1228
1222
1230
1221
1227
1219
1226
1220
1218
1224
1215
1213
1214
1209
1202
1201
1196
1192
1187
1184
1167
1168
1183
1182
1181
1180
1179
1178
1177
1176
1175
1174
1173
1172
1171
1170
1169
1166
1165
1131
1130
1127
1125
1119
1120
1115
1107
1106
1099
1101
1100
1098
1097
1093
1089
1094
1087
1088
1086
1085
1084
1083
1082
1081
1080
1079
1078
1077
1076
1075
1074
1073
1072
1071
1070
1069
1066
1067
1057
1055
1056
1054
1053
1051
1049
1043
1039
1038
1035
1033
1028
1026
1008
1017
1016
1012
1009
1015
1024
1014
1023
1013
1022
1011
1020
1010
1021
1019
1018
1005
1004
1007
1006
1001
998
994
986
985
984
983
982
981
980
979
978
977
976
975
973
972
971
970
969
968
967
965
964
958
952
944
942
936
937
941
933
926
931
928
932
924
906
922
921
920
919
918
917
916
915
914
913
912
911
910
909
908
907
904
899
900
901
894
896
893
889
886
883
880
882
881
877
844
842
840
839
838
837
836
835
834
833
832
831
830
829
828
827
826
825
824
821
818
819
820
815
812
811
807
803
802
800
799
798
797
796
795
773
772
771
770
769
765
764
762
759
757
756
755
753
698
704
694
696
689
685
686
683
682
678
681
680
679
665
667
666
669
671
662
649
655
646
645
644
641
640
627
629
623
633
617
630
622
632
626
618
619
625
624
631
628
620
621
615
614
609
610
608
599
602
597
588
583
585
572
569
568
567
564
563
561
548
546
545
540
541
537
539
530
525
524
523
522
521
520
519
518
517
516
515
514
512
511
510
509
508
507
502
498
501
500
496
493
491
490
486
485
487
484
482
483
481
480
479
476
473
469
470
471
468
465
467
464
463
462
460
461
459
458
457
456
455
454
453
452
451
450
449
448
447
445
446
442
440
436
428
430
429
426
427
423
419
421
420
413
414
417
409
407
405
393
390
389
391
392
386
387
388
381
382
378
379
376
373
374
377
375
371
370
369
367
366
363
364
361
359
353
354
355
357
352
351
349
350
345
346
344
309
308
307
302
303
300
299
298
295
291
293
294
290
287
284
282
279
280
281
277
275
270
264
265
263
261
258
259
257
256
252
250
251
245
244
237
236
231
232
233
224
226
228
219
222
221
223
216
217
214
215
211
210
208
206
204
201
203
202
200
197
199
198
195
188
194
190
193
187
185
184
183
180
182
179
177
178
176
173
174
175
172
166
168
167
161
162
159
160
157
156
153
158
149
148
150
143
146
140
138
137
135
128
133
129
130
127
123
117
115
113
112
111
109
106
101
103
100
98
97
99
96
95
94
90
85
86
84
88
78
80
79
75
76
74
73
72
70
66
65
64
63
61
54
55
56
51
52
50
49
47
44
38
42
40
39
30
33
35
29
37
28
27
34
36
18
17
22
19
24
26
9
15
16
14
13
12
7
6
4
8
5
10
