2260
2257
2254
2242
2229
2212
2208
2206
2198
2195
2194
2182
2173
2149
2135
2111
2110
2089
2080
2065
2041
2030
2008
1994
1992
1970
1949
1941
1937
1917
1906
1907
1898
1895
1893
1884
1879
1877
1875
1824
1814
1803
1797
1791
1784
1755
1757
1758
1761
1759
1756
1754
1753
1742
1735
1737
1738
1736
1730
1732
1722
1721
1724
1725
1723
1720
1719
1706
1705
1703
1701
1702
1704
1699
1676
1667
1662
1656
1644
1643
1641
1640
1636
1635
1616
1615
1606
1605
1604
1585
1566
1560
1546
1509
1490
1496
1460
1421
1420
1419
1414
1413
1351
1346
1288
1239
1216
1164
1123
1116
1108
1061
1048
1025
1002
1003
1000
999
996
987
989
988
990
962
960
959
943
923
925
892
814
790
786
785
784
774
767
702
701
668
664
663
642
648
647
635
636
613
589
584
586
552
551
543
538
534
527
505
503
499
488
415
412
384
372
368
360
356
296
297
289
285
278
274
273
272
266
260
255
254
248
249
247
246
242
240
241
238
235
227
209
205
192
171
165
147
134
136
131
120
118
116
114
110
107
87
48
46
31
23
11
2
