2381
2377
2348
2318
2235
2211
2200
2199
2192
2177
2158
2152
2144
2123
2120
2114
2094
2095
2092
2081
2074
2075
2067
2068
2063
2052
2046
2042
2044
2032
2028
2031
2019
2017
2004
2003
1987
1986
1967
1968
1964
1960
1944
1948
1942
1940
1943
1932
1920
1914
1913
1905
1888
1887
1886
1883
1881
1880
1866
1858
1848
1850
1849
1845
1844
1846
1835
1834
1819
1821
1818
1817
1813
1810
1808
1812
1811
1805
1804
1798
1799
1788
1785
1786
1776
1777
1773
1770
1772
1771
1763
1766
1751
1734
1714
1707
1700
1697
1698
1693
1692
1689
1686
1683
1681
1680
1679
1675
1673
1674
1661
1664
1666
1653
1654
1657
1646
1645
1648
1631
1617
1612
1609
1608
1603
1602
1601
1598
1594
1592
1591
1587
1586
1578
1579
1575
1573
1570
1571
1572
1569
1567
1562
1561
1563
1558
1556
1555
1554
1553
1547
1548
1542
1539
1541
1513
1512
1508
1504
1505
1503
1476
1475
1410
1408
1404
1400
1402
1391
1341
1342
1338
1339
1299
1294
1297
1285
1286
1284
1282
1281
1237
1235
1217
1212
1210
1205
1207
1204
1203
1199
1195
1193
1190
1188
1129
1118
1121
1114
1113
1117
1111
1103
1104
1102
1096
1068
1064
1059
1046
1045
1041
1044
1040
1036
1034
1037
1030
1029
997
993
992
991
966
963
954
957
953
955
956
951
950
949
948
947
946
935
939
938
940
934
929
927
930
903
891
879
843
841
823
816
817
810
808
805
748
804
781
794
793
792
791
789
788
787
783
782
780
779
778
777
776
775
768
766
699
697
693
692
691
690
688
687
677
676
675
673
672
670
653
650
652
654
643
634
612
601
587
571
570
565
566
562
557
558
556
559
555
553
554
549
547
550
544
535
533
532
526
531
506
497
492
489
478
475
477
474
435
434
425
422
424
418
416
410
411
404
402
400
398
403
399
401
397
395
396
383
358
306
305
304
292
286
239
225
213
196
181
170
163
164
93
62
43
